105260
105261
105262
105264
105267
105268
105269
105281
105283
105284
105285
105286
105288
105291
105292
105293
105297
105304
105308
105312
105317
105321
105322
105327
105331
105336
105337
105339
105342
105345
105352
105354
105355
105358
105359
105361
105363
105364
105366
105367
105368
105371
105372
105373
105374
105375
105379
105382
105383
105384
105386
105388
105392
105397
105399
105400
105402
105403
105404
105405
105406
105407
105411
105412
105413
105417
105425
105428
105431
105432
105433
105442
105443
105444
105445
105447
105448
105449
105450
105451
105452
105453
105456
105457
105458
105461
105462
105463
105464
105465
105466
105475
105477
105478
105479
105480
105481
105482
105483
105484
105485
105488
105489
105490
105491
105492
105494
105495
105497
105498
105500
105502
105503
105504
105505
105506
105507
105514
105521
105523
105528
105533
105537
105538
105540
105544
105545
105552
105553
105555
105560
105561
105562
105565
105566
105567
105568
105569
105571
105572
105573
105574
105575
105576
105577
105581
105583
105584
105586
105587
105588
105589
105590
105592
105593
105594
105595
105596
105597
105598
105601
